1000
1 2
2 3
3 4
390 5
5 6
982 7
7 8
8 9
268 10
10 11
63 12
12 13
326 14
14 15
17 16
813 17
17 18
18 19
19 20
416 21
852 22
22 23
312 24
433 25
859 26
510 27
251 28
37 29
29 30
32 31
33 32
34 33
35 34
36 35
981 36
38 37
39 38
738 39
380 40
145 41
41 42
42 43
45 44
416 45
45 46
48 47
49 48
50 49
51 50
919 51
53 52
54 53
55 54
947 55
57 56
928 57
59 58
501 59
59 60
188 61
39 62
749 63
341 64
510 65
371 66
68 67
886 68
68 69
69 70
72 71
532 72
83 73
210 74
76 75
614 76
184 77
74 78
80 79
699 80
665 81
81 82
82 83
85 84
86 85
784 86
694 87
481 88
88 89
89 90
92 91
180 92
92 93
93 94
852 95
640 96
387 97
99 98
100 99
279 100
24 101
63 102
102 103
105 104
351 105
266 106
106 107
109 108
294 109
109 110
110 111
896 112
112 113
633 114
633 115
115 116
910 117
117 118
482 119
121 120
122 121
996 122
124 123
125 124
802 125
181 126
387 127
129 128
387 129
131 130
132 131
133 132
567 133
547 134
134 135
137 136
260 137
982 138
115 139
57 140
604 141
78 142
786 143
931 144
500 145
727 146
146 147
147 148
148 149
765 150
821 151
151 152
154 153
996 154
917 155
380 156
614 157
157 158
709 159
161 160
942 161
155 162
164 163
165 164
133 165
252 166
168 167
804 168
170 169
727 170
170 171
171 172
748 173
175 174
176 175
7 176
176 177
177 178
772 179
621 180
783 181
181 182
184 183
7 184
184 185
187 186
188 187
971 188
188 189
189 190
260 191
191 192
204 193
502 194
649 195
446 196
599 197
197 198
200 199
919 200
795 201
297 202
202 203
137 204
231 205
696 206
772 207
712 208
210 209
633 210
210 211
211 212
212 213
393 214
214 215
720 216
480 217
141 218
220 219
594 220
537 221
350 222
507 223
460 224
699 225
225 226
226 227
661 228
57 229
134 230
578 231
233 232
781 233
233 234
236 235
242 236
654 237
237 238
240 239
896 240
242 241
161 242
244 243
396 244
51 245
245 246
776 247
526 248
250 249
173 250
352 251
867 252
545 253
253 254
664 255
258 256
256 257
259 258
260 259
261 260
872 261
263 262
380 263
642 264
433 265
664 266
266 267
484 268
270 269
271 270
520 271
275 272
200 273
772 274
927 275
275 276
276 277
727 278
272 279
281 280
157 281
283 282
312 283
656 284
286 285
200 286
87 287
287 288
797 289
699 290
290 291
291 292
294 293
501 294
294 295
297 296
10 297
297 298
200 299
299 300
563 301
188 302
302 303
305 304
251 305
305 306
184 307
307 308
308 309
309 310
312 311
712 312
312 313
313 314
314 315
317 316
742 317
317 318
776 319
321 320
322 321
877 322
322 323
323 324
324 325
114 326
326 327
327 328
279 329
331 330
332 331
333 332
756 333
335 334
336 335
344 336
875 337
337 338
358 339
341 340
654 341
341 342
180 343
776 344
346 345
281 346
348 347
760 348
984 349
736 350
808 351
788 352
352 353
353 354
772 355
355 356
356 357
359 358
27 359
359 360
360 361
363 362
364 363
417 364
364 365
367 366
55 367
736 368
368 369
644 370
695 371
371 372
45 373
375 374
376 375
377 376
378 377
547 378
227 379
231 380
417 381
201 382
145 383
383 384
658 385
387 386
78 387
387 388
390 389
967 390
390 391
391 392
394 393
200 394
394 395
328 396
281 397
397 398
825 399
547 400
781 401
401 402
496 403
403 404
404 405
405 406
406 407
7 408
408 409
274 410
412 411
792 412
21 413
415 414
416 415
419 416
59 417
772 418
26 419
421 420
422 421
423 422
547 423
425 424
215 425
427 426
228 427
114 428
261 429
228 430
432 431
255 432
715 433
442 434
724 435
858 436
260 437
437 438
438 439
439 440
440 441
134 442
825 443
68 444
444 445
633 446
446 447
204 448
448 449
449 450
489 451
451 452
452 453
453 454
736 455
455 456
23 457
457 458
460 459
461 460
64 461
463 462
464 463
465 464
544 465
228 466
760 467
467 468
364 469
941 470
417 471
473 472
928 473
475 474
476 475
477 476
478 477
479 478
205 479
481 480
351 481
749 482
482 483
483 484
484 485
485 486
442 487
381 488
292 489
491 490
492 491
777 492
492 493
493 494
496 495
969 496
380 497
656 498
500 499
368 500
445 501
157 502
457 503
503 504
194 505
182 506
508 507
505 508
510 509
992 510
510 511
513 512
910 513
307 514
514 515
517 516
457 517
517 518
518 519
724 520
520 521
523 522
226 523
655 524
633 525
978 526
946 527
777 528
528 529
529 530
532 531
911 532
895 533
535 534
878 535
535 536
671 537
539 538
364 539
539 540
540 541
541 542
544 543
545 544
796 545
547 546
633 547
498 548
548 549
549 550
550 551
553 552
24 553
553 554
554 555
26 556
145 557
557 558
558 559
693 560
560 561
563 562
792 563
992 564
564 565
567 566
886 567
567 568
568 569
569 570
570 571
573 572
574 573
661 574
574 575
577 576
297 577
157 578
578 579
172 580
322 581
640 582
992 583
585 584
501 585
587 586
220 587
587 588
588 589
589 590
592 591
533 592
592 593
856 594
594 595
396 596
596 597
599 598
435 599
599 600
600 601
601 602
602 603
4 604
262 605
980 606
255 607
274 608
610 609
844 610
467 611
611 612
205 613
145 614
142 615
228 616
261 617
619 618
620 619
621 620
798 621
471 622
624 623
919 624
134 625
599 626
626 627
629 628
279 629
629 630
434 631
633 632
231 633
240 634
636 635
510 636
638 637
639 638
168 639
74 640
642 641
228 642
642 643
380 644
621 645
645 646
648 647
401 648
650 649
651 650
65 651
651 652
654 653
656 654
428 655
803 656
656 657
86 658
372 659
661 660
410 661
661 662
662 663
87 664
390 665
667 666
668 667
656 668
8 669
264 670
397 671
671 672
672 673
673 674
571 675
677 676
78 677
679 678
694 679
679 680
680 681
141 682
221 683
685 684
482 685
459 686
688 687
81 688
688 689
455 690
690 691
621 692
669 693
876 694
696 695
697 696
539 697
699 698
749 699
699 700
702 701
703 702
343 703
703 704
706 705
707 706
708 707
709 708
264 709
709 710
7 711
886 712
714 713
715 714
401 715
435 716
718 717
872 718
720 719
631 720
720 721
6 722
722 723
993 724
726 725
727 726
261 727
221 728
73 729
729 730
730 731
731 732
734 733
715 734
736 735
68 736
106 737
87 738
738 739
741 740
742 741
435 742
742 743
745 744
788 745
745 746
748 747
427 748
281 749
749 750
992 751
753 752
829 753
755 754
756 755
181 756
756 757
759 758
352 759
77 760
760 761
763 762
916 763
640 764
621 765
117 766
766 767
919 768
191 769
318 770
397 771
387 772
772 773
773 774
774 775
287 776
166 777
777 778
941 779
779 780
822 781
942 782
784 783
941 784
63 785
677 786
786 787
548 788
640 789
622 790
792 791
992 792
792 793
942 794
796 795
442 796
796 797
133 798
798 799
799 800
802 801
78 802
78 803
435 804
804 805
427 806
748 807
784 808
808 809
809 810
810 811
784 812
812 813
815 814
816 815
68 816
184 817
817 818
818 819
819 820
822 821
880 822
824 823
825 824
200 825
825 826
826 827
794 828
941 829
102 830
830 831
261 832
832 833
835 834
785 835
835 836
838 837
557 838
838 839
839 840
500 841
843 842
223 843
393 844
846 845
847 846
848 847
919 848
848 849
710 850
850 851
978 852
852 853
47 854
281 855
162 856
858 857
859 858
567 859
821 860
860 861
885 862
724 863
863 864
866 865
867 866
197 867
867 868
868 869
817 870
872 871
783 872
874 873
644 874
874 875
428 876
878 877
133 878
880 879
350 880
709 881
227 882
882 883
885 884
972 885
141 886
886 887
887 888
888 889
889 890
802 891
337 892
892 893
373 894
781 895
133 896
896 897
897 898
898 899
899 900
151 901
901 902
496 903
903 904
906 905
912 906
906 907
907 908
908 909
668 910
912 911
734 912
912 913
915 914
916 915
66 916
528 917
919 918
74 919
921 920
266 921
162 922
924 923
649 924
461 925
925 926
556 927
554 928
428 929
850 930
679 931
931 932
932 933
933 934
380 935
935 936
938 937
939 938
940 939
390 940
699 941
109 942
944 943
807 944
777 945
947 946
183 947
1000 948
742 949
949 950
950 951
953 952
74 953
854 954
954 955
955 956
760 957
959 958
960 959
961 960
220 961
963 962
964 963
965 964
966 965
967 966
194 967
969 968
385 969
971 970
803 971
614 972
972 973
268 974
302 975
977 976
978 977
367 978
980 979
471 980
151 981
781 982
679 983
368 984
671 985
231 986
986 987
987 988
990 989
903 990
990 991
993 992
697 993
995 994
996 995
330 996
998 997
654 998
998 999
881 1000
